86.89
86.187
85.491
84.801
84.119
83.442
82.773
82.11
81.453
80.803
80.159
79.521
78.89
78.264
77.645
77.031
76.424
75.822
75.226
74.636
74.052
73.473
72.899
72.331
71.769
71.212
70.661
70.114
69.573
69.038
68.507
67.981
67.461
66.945
66.435
65.929
65.428
64.932
64.441
63.955
66.56
69.133
71.675
74.185
76.664
79.113
81.532
83.921
86.28
88.61
90.912
93.184
95.428
97.643
99.83
101.99
104.11
106.21
108.28
110.31
112.3
114.26
116.17
118.04
119.86
121.62
123.33
124.97
126.54
128.03
129.45
130.78
132.03
133.19
134.26
135.25
136.16
137
137.77
138.46
139.1
139.68
140.21
140.7
141.14
141.54
141.91
142.24
142.55
142.83
143.08
143.31
143.53
143.72
143.9
144.06
144.21
144.35
144.47
144.59
144.7
144.79
144.88
144.96
145.04
145.11
145.17
145.23
145.28
145.33
145.38
145.42
145.45
145.49
145.52
145.55
145.58
145.6
145.63
145.65
145.67
145.69
145.7
145.72
145.73
145.74
145.76
145.77
145.78
145.79
145.79
145.8
145.81
145.82
145.82
145.83
145.83
145.84
145.84
145.85
144.95
144.14
143.4
142.72
142.11
141.56
141.07
140.62
140.22
139.86
139.54
139.25
138.98
138.75
138.54
138.35
138.18
138.03
137.89
137.77
137.66
137.56
137.47
137.39
137.32
137.25
137.2
137.14
137.1
137.05
137.02
136.98
136.95
136.92
136.9
136.88
136.86
136.84
136.82
136.81
136.8
136.78
136.77
136.76
136.76
136.75
136.74
136.73
136.73
136.72
136.72
136.71
136.71
136.71
136.71
136.7
136.7
136.7
136.7
136.69
136.69
136.69
136.69
136.69
136.69
136.69
136.69
136.69
136.68
136.68
136.68
136.68
136.68
136.68
136.68
136.68
136.68
136.68
136.68
136.68
136.68
136.68
136.68
136.68
136.68
136.68
136.68
136.68
136.68
136.68
136.68
136.68
136.68
136.68
136.68
136.68
136.68
136.68
136.68
136.68
136.68
