87.596
86.975
86.371
85.783
85.211
84.655
84.113
83.587
83.074
82.575
82.09
81.618
81.159
80.712
80.278
79.855
79.443
79.043
78.654
78.275
77.906
77.547
77.198
76.859
76.528
76.207
75.894
75.59
75.294
75.006
74.725
74.453
74.188
73.929
73.678
73.434
73.196
72.965
72.74
72.521
74.641
76.704
78.711
80.663
82.563
84.411
86.209
87.959
89.661
91.317
92.929
94.496
96.022
97.506
98.95
100.35
101.72
103.05
104.34
105.6
106.83
108.02
109.18
110.31
111.4
112.47
113.51
114.52
115.5
116.46
117.39
118.3
119.18
120.04
120.87
121.68
122.47
123.24
123.99
124.71
125.42
126.11
126.78
127.43
128.06
128.68
129.28
129.87
130.43
130.99
131.52
132.05
132.56
133.05
133.53
134
134.46
134.9
135.33
135.75
136.16
136.56
136.95
137.32
137.69
138.05
138.39
138.73
139.06
139.38
139.69
139.99
140.28
140.57
140.85
141.12
141.38
141.64
141.89
142.13
142.37
142.6
142.82
143.04
143.25
143.45
143.66
143.85
144.04
144.22
144.4
144.58
144.75
144.91
145.07
145.23
145.38
145.53
145.67
145.81
145.37
144.93
144.51
144.1
143.7
143.31
142.93
142.56
142.2
141.85
141.51
141.18
140.86
140.55
140.24
139.95
139.66
139.38
139.11
138.84
138.58
138.33
138.09
137.85
137.62
137.39
137.17
136.96
136.75
136.55
136.36
136.17
135.98
135.8
135.62
135.45
135.29
135.12
134.97
134.81
134.66
134.52
134.38
134.24
134.11
133.98
133.85
133.73
133.61
133.49
133.38
133.27
133.16
133.06
132.95
132.86
132.76
132.67
132.57
132.49
132.4
132.32
132.23
132.16
132.08
132
131.93
131.86
131.79
131.72
131.66
131.59
131.53
131.47
131.41
131.36
131.3
131.25
131.19
131.14
131.09
131.04
131
130.95
130.91
130.86
130.82
130.78
130.74
130.7
130.66
130.63
130.59
130.56
130.52
130.49
130.46
130.43
130.39
130.37
