1.0327
1.0212
1.0173
0.56959
0.93806
1.0201
1.0814
0.68693
0.34547
0.66108
1.0149
1.0548
0.9471
1.0212
1.0201
0.044897
1.0306
1.0086
0.043044
0.84874
1.0548
1.0588
1.0515
1.0173
1.0173
1.0201
1.0149
1.0173
1.0093
1.0021
0.20083
1.0173
0.71869
0.99945
1.0014
1.0327
1.0039
1.0173
1.0212
0.38653
-0.004374
1.0201
1.0132
1.0106
0.98345
0.98345
1.0037
1.0201
0.9638
1.0039
0.31774
0.24965
0.21657
0.99452
0.99847
0.92803
1.0132
1.0205
0.99831
1.0501
1.0201
1.0149
-0.12931
-0.030065
0.97301
1.0201
1.0201
1.0201
1.0201
0.99634
1.0548
1.0661
1.0021
0.21171
1.0306
1.0077
0.91323
1.0149
0.098341
0.38039
0.32616
0.99241
0.099442
0.90301
0.075614
1.009
-0.10378
0.23507
0.98568
1.0284
1.0186
1.0073
1.0067
0.57744
0.83413
0.080865
0.37833
1.0327
1.0106
-0.010115
0.95414
0.050139
0.17718
1.0173
