1.0173
1.0024
1.0163
0.60139
0.90685
1.0252
1.0357
0.68026
0.38445
0.64869
1.0218
1.0366
0.92927
1.0024
1.0252
0.16423
1.0291
0.97783
-0.067174
0.80587
1.0366
1.0241
1.0309
1.0163
1.0163
1.0252
1.0218
1.0163
1.0144
1.0151
0.11879
1.0163
0.7172
1.0131
0.99479
1.0173
1.003
1.0163
1.0024
0.54642
-0.007286
1.0252
1.018
0.9976
0.98566
0.98566
1.008
1.0252
0.96273
1.003
0.42882
0.25999
0.22472
1.0006
1.0043
0.94853
1.018
0.96645
1.002
1.027
1.0252
1.0218
-0.12067
-0.026723
0.97011
1.0252
1.0252
1.0252
1.0252
1.0042
1.0366
1.0559
1.0151
0.3079
1.0291
1.0101
0.91169
1.0218
0.067155
0.45135
0.41442
0.97764
0.090023
0.89771
0.19433
0.99241
-0.094688
0.19669
0.98864
1.0283
1.0147
1.0114
1.0131
0.60141
0.82823
0.10469
0.48838
1.0173
0.9976
-0.0072136
0.94684
0.059834
0.19391
1.0163
