4.8628
5.4418
5.4047
5.3279
4.8628
4.8688
4.8095
5.0751
5.2368
5.7511
4.8746
5.7511
4.7382
7.0475
5.6439
5.6759
5.7329
5.886
4.7962
5.5298
5.2338
5.3465
5.9478
5.0691
5.4432
5.0951
5.3531
5.9478
4.857
5.3562
5.0597
5.4439
5.2739
5.0206
4.8978
5.1682
5.707
5.7216
4.4908
5.8248
5.8248
5.1308
6.1833
6.8881
4.8463
6.1687
5.1116
5.2789
5.0478
4.8138
5.6043
5.2521
5.2715
5.086
5.739
5.1467
5.5502
5.6516
5.361
5.0439
5.2619
5.1397
5.3313
5.0449
5.1162
5.1162
5.2057
5.4564
6.0334
6.4066
5.1845
4.8054
4.8146
5.0161
5.5557
5.5734
5.5734
5.2648
4.9488
5.8638
4.9613
5.1181
4.9787
5.8083
5.6682
5.4385
7.0125
5.3931
5.8732
4.7287
5.0527
7.0125
7.0443
5.3931
4.2295
5.9427
5.3471
5.2153
5.1036
5.1587
5.4822
5.5685
5.1587
4.8993
4.9224
4.8993
5.0772
5.2926
5.3787
5.0497
5.9682
5.2847
5.3015
5.6159
5.9682
5.7499
5.4779
5.0041
5.7881
4.7503
4.5133
5.7881
4.7323
4.9409
4.8017
5.4966
4.5165
4.4753
6.3151
5.0677
5.0436
6.1522
6.1522
5.2688
5.0765
5.7714
5.6238
5.1543
4.8745
4.8832
5.7714
5.6238
7.2298
5.0744
7.2298
5.0526
4.6618
5.3985
5.4407
5.6073
5.4528
7.0402
5.142
5.142
5.5308
5.5103
5.5308
5.5103
4.7458
4.6926
5.0854
6.3793
5.4339
4.832
4.8242
5.1253
5.02
4.7332
5.2823
6.3453
4.1494
5.296
5.296
5.7925
4.9956
5.6012
4.9956
5.5344
4.8995
5.3378
5.3378
5.3302
4.7507
4.802
4.8005
5.1895
4.9481
5.0153
4.7959
4.8102
4.9881
5.3101
4.8539
5.268
5.268
4.9019
5.3861
6.2331
6.1913
4.8361
6.051
5.5383
5.5818
5.1061
5.1103
5.9623
5.9623
4.842
5.2383
6.2172
6.8136
5.22
5.7154
5.1964
5.6086
5.6217
5.7561
4.9695
5.1745
4.8906
5.2873
5.1903
5.1696
5.5216
5.5145
5.6621
5.9378
5.4426
5.6621
5.4988
5.7437
5.2439
5.5774
5.4988
4.6903
4.9334
4.9334
5.0075
4.9334
4.6903
5.7684
6.0418
5.1469
5.7223
5.7223
6.1169
4.8905
4.7946
5.0554
6.1169
5.937
5.5264
5.6076
5.0327
5.5264
4.8508
5.3695
4.8891
4.7584
6.1171
5.395
4.7616
5.394
5.4707
6.411
5.8817
5.2979
7.021
5.8129
6.165
5.8893
6.165
5.7443
5.346
5.4845
5.8893
5.8129
6.165
6.9929
6.0255
5.8018
5.5764
4.9633
6.0255
5.7877
5.7877
6.0561
5.8996
6.3035
5.5926
6.3035
5.6092
5.7986
5.5146
5.6995
5.5056
5.276
5.3773
5.5561
5.2361
5.6787
5.7016
5.7227
5.203
4.8185
5.3074
4.944
5.5
5.4975
5.1092
5.3074
4.8853
5.168
4.8649
5.9375
5.9029
5.6772
5.6536
6.162
5.6536
5.6897
5.2052
5.7727
5.8
5.8
5.7727
5.3015
5.6897
5.2052
5.8436
5.8984
5.5021
5.7993
7.0245
5.5332
6.2938
4.4186
6.4651
5.5454
5.3317
6.4651
5.731
5.9768
4.0923
5.4548
5.8887
5.597
6.0483
5.8728
6.5049
5.8225
5.7205
5.8146
5.7198
5.7906
6.3615
5.1757
5.6782
5.6022
5.6022
5.5733
5.5606
5.4683
5.3822
5.3885
5.6744
5.0916
5.0588
5.4683
5.7953
6.1624
6.0172
6.048
6.0891
5.4802
5.7322
5.8557
5.5846
5.1992
5.7505
5.3713
5.5846
4.7039
5.1992
5.5597
4.6287
6.681
5.4476
6.0125
5.6645
5.3651
5.2051
5.4379
5.1904
6.0125
5.6645
6.7088
6.2655
5.795
4.6062
6.0501
6.0406
5.419
5.6201
5.0069
4.9815
5.0831
5.8538
5.0069
4.9815
5.0831
5.3212
6.7452
6.8079
6.3488
5.5715
5.2207
5.5079
5.2649
5.2207
5.7297
6.0093
5.6871
5.6933
5.7297
6.047
6.0093
5.9295
5.9295
5.3607
5.665
5.5113
5.5536
5.1924
5.1924
4.2222
5.8292
6.2459
5.5536
5.5623
5.1462
5.7672
5.8357
5.4324
5.8152
6.3532
5.4813
5.6972
6.0277
6.0009
6.0096
5.6972
5.0063
5.751
5.3736
5.8944
5.7425
5.065
5.9945
6.0272
5.5059
5.065
5.9864
5.6541
5.8712
5.8048
5.7648
4.2171
6.4232
5.4087
6.3028
6.1255
5.4087
5.9124
5.6916
5.7054
5.7054
6.4183
5.7505
5.7505
6.4183
5.6873
5.5155
5.7054
5.8229
6.0353
5.6384
6.0875
5.5119
5.1465
6.457
5.7666
5.2424
6.3654
6.1442
6.2631
6.4472
5.6813
3.7749
5.5657
5.3797
5.0009
5.6783
5.794
5.6454
5.5614
5.9931
5.9127
6.4228
5.416
5.4286
5.6783
6.0683
5.8793
5.4665
5.4347
5.4503
5.3765
5.3871
5.3765
5.7229
5.3871
4.9536
6.9628
5.6948
5.6411
5.7823
4.7686
4.9536
4.9409
5.9129
6.3365
5.7823
5.8987
5.9623
5.4972
5.9607
5.4972
5.6081
6.0195
5.9607
4.5564
5.9623
5.3564
4.9995
5.6248
5.6436
5.4367
5.6436
5.6248
4.2515
5.5335
5.5585
5.7249
5.7249
5.7249
5.7249
5.0164
6.1485
5.8956
5.3112
5.6935
6.0299
5.6188
5.1488
5.918
6.5154
5.774
5.797
5.258
5.6984
5.8999
5.1488
6.3694
5.4418
5.5716
5.6797
5.6797
6.3257
5.6546
6.2027
5.7022
5.7184
5.7728
5.6407
5.7022
5.3131
4.6095
4.6128
4.6095
5.3131
4.5702
5.6015
4.5399
5.5969
6.0454
6.0379
5.3934
5.4226
6.552
6.4611
6.8381
5.5177
5.5235
5.3589
5.2726
5.8471
5.7784
5.7784
5.7784
5.7784
6.3434
5.7246
5.5801
4.0887
5.0567
5.188
6.6543
6.2455
5.8776
5.2725
5.4421
5.2725
5.7373
5.2559
5.2559
5.1957
5.2681
5.5631
5.6044
5.9639
6.2059
5.7053
5.5385
5.5728
5.3465
5.8656
5.9688
6.4247
6.031
6.1241
5.9688
5.8656
5.9042
5.2055
5.9899
5.9388
5.5628
5.7871
5.8533
6.8551
5.9035
6.1339
5.7293
5.8128
6.1339
5.9299
5.5313
5.6528
6.2006
5.7073
5.4043
5.6203
5.8103
5.8609
5.8259
5.5803
5.7162
6.2279
6.2298
6.6886
6.1251
5.2449
6.1251
5.0328
5.7632
5.7632
5.1076
5.26
6.0105
6.2019
4.7017
5.9018
5.7632
6.3889
6.7584
6.1329
5.0715
5.6664
6.1688
5.0715
5.6664
3.4761
5.2788
6.3871
6.3871
5.3881
5.6314
5.4852
5.3881
5.6314
5.6099
5.3673
5.2788
5.8977
6.3871
6.3151
5.5202
5.7254
5.7756
5.7756
5.3716
4.9707
6.3576
5.1994
5.5045
5.8601
6.4872
5.7016
6.529
6.4872
5.1994
4.679
5.5138
6.7968
5.5045
7.0204
4.5915
5.9704
5.8601
5.8233
6.0285
5.884
5.884
5.8233
6.0285
5.4355
5.4089
5.4355
5.5437
6.6837
5.9341
5.933
5.933
6.2016
5.9341
5.933
5.6212
5.2662
5.5938
5.6212
4.843
5.9919
4.1826
6.7687
6.7893
5.2935
6.8434
5.9919
4.6261
6.2872
5.5458
7.2234
4.7735
6.4433
6.2292
6.4789
5.544
5.544
5.766
4.6658
5.6262
5.001
5.7431
5.766
5.5424
6.5639
5.7265
5.0198
4.5659
5.7265
5.7665
5.5676
5.0258
5.0419
5.6529
5.9981
5.0258
5.0419
5.8071
5.2383
5.3244
6.4556
5.8289
5.5554
5.7649
6.3838
5.6869
4.3854
6.0659
5.0514
5.812
5.7162
5.0514
5.2606
5.8815
5.9482
5.531
5.7681
5.4889
5.956
6.4631
5.8958
6.1538
6.2247
6.1841
4.9655
6.732
5.21
4.9655
5.7089
5.9552
5.1473
5.1343
5.9258
5.9258
4.5509
5.5959
5.9861
5.5959
5.4062
5.6062
6.0123
5.6887
5.8388
5.4333
5.5699
5.9969
6.2691
6.2243
5.325
5.325
5.8579
5.6745
5.7628
5.2415
6.3312
6.5623
5.8009
6.5385
6.2979
5.7652
5.7487
5.7487
5.7487
5.5362
5.5362
5.7487
5.7636
5.3872
6.0698
4.7047
5.178
5.9307
5.5373
5.8151
5.6507
6.0594
5.8972
4.7047
5.7438
5.6156
6.0598
5.7438
6.0598
5.6156
5.3046
5.077
5.7221
6.7167
6.0316
5.0463
5.4089
5.2706
4.7105
5.9502
6.0612
5.7519
5.7541
5.5127
4.9211
6.0968
5.4056
6.801
6.2446
5.6472
5.6127
6.7497
6.0968
6.5225
4.9211
5.5122
5.5197
5.6548
5.6268
5.6548
5.5035
5.7539
5.9361
5.6544
5.5624
6.2139
5.3123
4.8282
4.761
5.5303
5.3123
5.8211
6.1417
6.0943
5.2187
5.6891
4.8282
4.761
5.603
5.603
5.5778
5.5778
5.7535
5.6962
6.4599
5.7719
5.4735
5.4833
5.4833
5.4735
5.9407
5.8114
5.8361
5.5389
5.0665
5.6274
5.5058
5.7479
4.6865
6.539
4.4363
5.1779
5.1779
5.6167
5.7482
5.7482
5.8713
5.4809
6.3664
6.35
6.2803
5.6538
5.4595
5.5514
5.9983
5.4077
6.3534
5.7241
5.7188
5.3714
5.1122
5.9989
5.3634
5.7302
5.7302
5.7302
5.7302
5.7557
6.8768
6.3422
5.7937
5.1437
5.9027
5.5877
5.1329
7.1594
4.2958
5.1329
5.9348
5.1062
6.6089
5.9348
5.7457
5.6997
5.127
6.1356
7.1208
5.5799
5.5602
5.2725
5.2634
6.4034
6.4034
6.4069
5.3797
5.1496
5.6281
5.5079
5.5108
5.2182
6.0372
4.5157
5.5095
6.1649
5.7402
5.2779
5.2595
5.2063
5.6473
5.5039
6.0483
5.7244
5.7244
5.6997
5.192
6.9098
5.0204
5.4429
6.6401
5.6146
5.5244
6.4638
6.1746
4.5781
5.6513
6.2308
6.2308
5.6087
5.4741
6.0441
5.0782
5.8051
6.0441
5.734
5.4462
5.4975
6.0305
6.4011
5.6108
5.1574
6.602
5.7245
6.1728
4.8045
6.2808
5.5457
5.6824
5.7296
5.1849
5.5115
5.7296
5.1849
5.9801
5.5115
6.3972
6.2181
5.8131
5.6191
5.3322
5.4094
5.8759
6.215
6.0099
6.1245
6.215
6.2738
5.9605
5.8759
5.1184
6.4666
5.604
6.1493
6.2286
6.2592
6.0099
5.9531
5.5485
5.5423
5.4557
5.7757
4.7398
5.8579
6.0409
6.0409
6.0266
5.7013
5.5833
5.6627
5.8925
6.4705
5.8006
5.6734
6.1988
6.0611
5.0095
5.5166
6.1988
6.0611
5.6734
5.4478
5.3391
5.3391
5.385
5.4478
5.3391
6.1583
4.9353
6.1583
5.1726
5.3243
5.1548
6.1158
5.5792
6.1187
5.499
5.3993
5.3432
5.942
5.531
5.499
5.5394
5.576
4.954
5.5305
5.3993
4.4809
4.7573
5.7942
5.8567
5.0419
6.0656
4.7309
5.0419
4.7309
6.4968
4.6052
5.6341
5.734
6.0656
5.8823
5.9185
6.4605
6.2989
5.9025
6.0251
6.316
6.7611
6.3324
6.0251
6.5151
6.1158
6.1158
6.1158
5.9622
5.9777
5.7103
5.7103
6.0297
5.9638
5.9638
5.8084
5.1851
5.7103
6.2285
6.0297
5.5805
5.9044
5.3008
5.9044
6.0261
5.5805
5.521
6.1203
5.4335
5.7763
5.8887
5.1327
6.3136
5.1648
6.3841
5.9044
5.9242
5.8257
5.7216
5.1354
5.3008
5.603
5.0657
5.6327
5.6578
6.9286
5.5133
5.5787
6.5841
5.6578
5.0228
6.1619
6.1619
5.7401
6.3911
5.9602
6.118
5.9602
6.118
5.2499
5.8652
5.4208
6.1289
5.8652
5.8224
6.0823
5.3398
5.5803
6.0754
6.3689
5.7281
5.3374
5.3986
5.4176
5.6265
5.33
6.4203
5.7757
5.6339
5.3877
5.3497
5.333
4.6764
4.9519
4.6759
6.2382
5.4925
6.08
5.4563
5.9149
5.3516
5.3516
5.8299
5.9661
5.2967
4.252
5.5403
5.9199
5.4193
6.4367
5.3704
5.7859
5.4642
5.2997
5.2627
5.4729
5.4193
5.3924
5.8891
5.4617
5.6676
5.0252
6.0568
5.5868
6.081
4.7595
5.5299
4.2099
6.0477
5.0011
5.8403
5.7109
5.5377
5.8403
5.0011
5.045
5.7466
5.8379
5.7512
5.7512
6.3564
5.7512
6.3895
5.6238
5.8375
5.1579
5.7946
6.7527
5.4899
5.7317
6.4565
5.7946
6.7527
6.3481
5.2229
6.2563
5.6212
5.9831
5.5403
